  188.9   386.1   0    0.975846        247    20.3308 0.0541   9  11
  166.0   244.1   0     0.87154    248.135    19.7584 0.1351   1   6
  148.8   340.2   0    0.956506    247.359    19.8628 0.0256   5  11
  141.6   447.9   0    0.901699     244.59    18.9862 0.0769  10  16
  150.2   318.7   0    0.958267    248.949    19.3389 0.1026   4  10
  229.1   431.9   0    0.956077    241.216    20.4007 0.0000  13  11
  209.1   246.7   0    0.973314    248.462    20.1368 0.0769   3   4
  259.1   465.9   0    0.915316    247.711    19.6706 0.1579  16  11
  303.8   284.8   0    0.974508    247.974    19.1037 0.0526   9   1
  315.1   436.9   0     0.94735    246.789     20.629 0.0263  17   7
  308.1   382.1   0    0.947329    241.368    27.3735 0.0263  14   5
  186.1   267.0   0    0.958395    248.243    18.8841 0.1351   3   6
  158.8   351.8   0    0.977362    249.132    18.0247 0.1579   6  11
  111.4   413.9   0     0.96824    248.513    20.3275 0.0769   7  16
  313.8   296.2   0    0.962965    250.027    18.0368 0.1622  10   1
  305.1   263.2   0    0.936167    248.026    19.8504 0.1579   8   0
  193.2   321.3   0     0.97783    249.615    18.7031 0.1282   6   8
  239.0   443.2   0     0.93569    248.132    19.2846 0.0789  14  11
  180.3   353.0   0     0.97898    249.946    18.0395 0.1892   7  10
  133.0   253.0   0    0.947364    247.211    20.8182 0.1053   0   8
  254.9   368.3   0     0.92481    249.026    20.2332 0.0263  11   7
  301.0   327.8   0    0.963921    247.711    19.3359 0.0526  11   3
  207.7   268.1   0    0.978193    248.564    19.0658 0.1026   4   5
  250.9   270.8   0    0.919312    248.737    18.6563 0.0526   6   3
  153.0   275.7   0    0.918867    248.816    18.5749 0.0526   2   8
  104.2   359.2   0    0.918797    248.263    18.7211 0.1842   4  14
  167.3   384.8   0    0.970181     249.05    20.6005 0.0750   8  12
  196.1   278.2   0    0.978234    248.947    19.1882 0.1053   4   6
  164.5   265.6   0    0.917269        249    19.3977 0.2895   2   7
  155.8   394.9   0    0.917465    248.105    19.3226 0.1579   8  13
  138.7   328.9   0    0.967681    248.974     19.434 0.0769   4  11
  219.2   258.0   0    0.916641    248.459    19.0436 0.1351   4   4
  107.1   316.1   0    0.915457    244.514    20.4311 0.0000   2  12
  285.0   402.7   0    0.915299    248.632    20.1207 0.0789  14   7
  165.9   406.3   0    0.941398    245.846    19.6546 0.0000   9  13
  283.8   261.9   0    0.973944    248.342    19.6855 0.1579   7   1
  163.1   287.2   0    0.915066    248.421    19.6458 0.1579   3   8
  206.0   452.0   0    0.969984     248.75    18.8501 0.1111  13  13
  135.8   372.0   0    0.914286    245.395     17.418 0.2368   6  13
  268.0   336.6   0    0.912961    248.974    19.1684 0.0000  10   5
  198.9   397.6   0    0.964194    248.949    21.8796 0.0256  10  11
  124.3   382.1   0    0.971665    248.692    19.4676 0.1026   6  14
  102.9   380.9   0    0.911166    247.514    19.5335 0.1622   5  15
  132.9   415.1   0    0.983235     245.73    19.3633 0.0270   8  15
  170.2   341.7   0    0.953444     249.25    20.3278 0.0750   6  10
  305.1   425.3   0    0.908346    246.632    19.6032 0.0000  16   7
  230.7   248.0   0      0.9796    249.324    18.0666 0.1622   4   3
  208.8   409.0   0    0.907113     247.27     18.534 0.0811  11  11
  120.0   446.8   0    0.906998    244.395     20.596 0.0789   9  17
  204.8   311.1   0    0.991078    249.447     18.179 0.1842   6   7
  278.1   348.1   0    0.905759    248.447    19.4984 0.0789  11   5
  114.2   370.7   0    0.971926      248.3    20.2387 0.1500   5  14
  174.2   439.2   0    0.902949    246.718    18.3666 0.1538  11  14
  110.1   273.1   0    0.913187    245.289    20.8123 0.1053   0  10
  142.9   264.3   0    0.901348    245.385    24.5624 0.0769   1   8
  177.4   396.2   0    0.964161    248.575    20.7303 0.1000   9  12
  315.3   274.8   0    0.938194    248.075    20.5747 0.1250   9   0
  203.3   332.8   0    0.976592     246.45     20.087 0.0000   7   8
  245.1   357.0   0     0.94631     245.73    20.2652 0.0270  10   7
  302.4   306.3   0     0.97409    249.025    20.1434 0.1000  10   2
  295.2   251.9   0    0.893547    248.526    19.7213 0.1842   7   0
  168.8   363.2   0    0.989671    248.763    19.1348 0.0789   7  11
  129.9   458.1   0    0.889186    228.053    24.5634 0.0000  10  17
  122.8   403.7   0    0.965416    247.667    19.8574 0.0769   7  15
  312.3   317.6   0    0.963075    248.375    20.4641 0.1750  11   2
  130.0   295.9   0    0.977927    247.737    20.0701 0.1579   2  10
  249.0   454.5   0    0.966322    248.641    20.1218 0.0000  15  11
  295.1   413.9   0    0.985133    248.184    20.3593 0.1316  15   7
  283.6   424.0   0    0.967763    248.897    19.1271 0.0256  15   8
  121.4   425.2   0    0.960068    246.875    20.6833 0.0750   8  16
  291.0   316.4   0     0.96653    244.231    19.4025 0.0769  10   3
  306.6   403.9   0    0.955432    248.975     20.816 0.0250  15   6
  233.5   367.1   0    0.948206    247.436    20.1814 0.0000  10   8
  115.7   349.1   0     0.94773     246.59    19.6894 0.0000   4  13
  144.3   405.0   0    0.975662    247.425    20.3522 0.0750   8  14
  183.2   309.9   0    0.969471    245.421    20.4156 0.0263   5   8
  318.0   393.7   0    0.952969    248.921    19.8972 0.0526  15   5
  151.6   297.2   0    0.916137    234.268    22.6299 0.0000   3   9
  252.2   249.1   0    0.881473    248.132    20.3976 0.0526   5   2
  292.4   294.9   0    0.959022      245.4    22.9926 0.0000   9   2
  271.0   293.5   0    0.957952    244.125    19.6271 0.0000   8   3
  187.8   245.4   0    0.875698    247.425     20.811 0.1750   2   5
  147.3   361.9   0     0.97664        247    20.8937 0.0000   6  12
  270.7   455.8   0    0.976286    249.821    19.9004 0.1026  16  10
  238.1   302.5   0    0.716254    246.625     22.975 0.1000   7   5
  229.3   269.4   0     0.97516      248.9    19.8729 0.0750   5   4
  125.8   360.5   0    0.962356    246.659    20.8365 0.0000   5  13
  174.3   277.1   0    0.871921    235.256    26.8284 0.0256   3   7
  178.8   374.7   0    0.967488    245.615    19.9481 0.0000   8  11
  216.0   463.4   0    0.869907    246.475    20.3754 0.0000  14  13
  272.4   272.0   0    0.869366    232.154    21.8243 0.0000   7   2
  157.3   373.4   0    0.975577        247    21.2014 0.2000   7  12
  216.3   301.0   0    0.922506    248.703    18.6399 0.0811   6   6
  281.1   305.0   0    0.966906    237.632    20.1919 0.0000   9   3
  140.1   307.3   0    0.963463    246.579    19.6465 0.0000   3  10
  217.5   441.9   0    0.907681     246.05    21.7879 0.0250  13  12
  197.2   419.1   0    0.863239    245.263    19.7258 0.0000  11  12
  145.8   383.5   0    0.959073    245.268    21.1152 0.0000   7  13
  227.5   453.2   0    0.960365    247.098    21.0237 0.1463  14  12
  118.6   306.0   0    0.967309    248.795    20.0588 0.0769   2  11
  120.0   284.5   0    0.858116    248.077    19.3808 0.0256   1  10
  250.8   433.0   0    0.857233    249.162    19.4638 0.0811  14  10
  184.5   450.9   0    0.890327    228.795    21.6959 0.0000  12  14
  319.5   372.2   0    0.928175    248.098    20.7603 0.0732  14   4
  187.4   407.7   0    0.927167    238.256    21.2923 0.0000  10  12
  210.3   387.4   0    0.964434    248.275    20.1701 0.0500  10  10
  164.3   427.9   0    0.926272        242    20.9556 0.0256  10  14
  217.8   279.5   0    0.960921    248.805    20.6129 0.1707   5   5
  239.5   280.9   0    0.830914    248.171    20.8927 0.0732   6   4
  184.6   288.4   0    0.953518    249.026    19.4056 0.1538   4   7
  173.1   298.5   0    0.854694    245.359    20.4144 0.0513   4   8
  142.9   426.5   0    0.853989     248.65    20.1392 0.0250   9  15
  282.0   445.6   0    0.950139    237.333    24.1364 0.0513  16   9
  288.0   359.4   0     0.95755     248.25    20.5455 0.0250  12   5
  134.3   393.5   0    0.968802    248.725    20.1296 0.1750   7  14
  298.0   370.6   0    0.849666      233.2    30.0715 0.0500  13   5
  240.9   259.3   0    0.849391    247.923    22.4936 0.1282   5   3
  293.8   273.3   0    0.973931    247.718    22.1772 0.0769   8   1
  316.5   415.2   0     0.95565    246.829    22.2768 0.0000  16   6
  105.7   337.7   0    0.951257    247.949    20.1497 0.1538   3  13
  303.7   446.9   0     0.84812    246.205    23.1218 0.0256  17   8
  266.4   358.1   0    0.949398    247.205    21.7453 0.0000  11   6
  258.1   325.4   0    0.846785    240.667    28.4247 0.0513   9   5
  197.7   256.8   0    0.986057    248.025     20.178 0.0250   3   5
  224.9   334.1   0    0.916669    240.432    28.1813 0.0811   8   7
  227.8   290.9   0    0.973173    243.132    21.7292 0.0000   6   5
  200.4   376.0   0    0.845453    244.051    23.7878 0.0000   9  10
  289.6   338.0   0    0.975766    249.128    19.3969 0.0769  11   4
  196.0   440.6   0    0.874899      230.3    24.5524 0.0000  12  13
  260.9   282.3   0    0.841088    237.436      23.13 0.0000   7   3
  237.5   464.8   0    0.901736    244.707    23.5723 0.0000  15  12
  194.7   299.7   0    0.977484    245.949    21.3681 0.0256   5   7
  137.3   350.4   0    0.947784    248.625    19.6561 0.0750   5  12
  194.4   462.0   0    0.834962    248.231    19.2887 0.0000  13  14
  293.6   435.4   0    0.956711    249.308    19.2919 0.3333  16   8
  273.6   412.7   0    0.890241    248.925    20.4331 0.2250  14   8
  273.8   250.6   0    0.929959     247.35    20.7679 0.0500   6   1
  131.4   436.7   0    0.980049    248.175    20.3868 0.0250   9  16
  206.2   289.6   0    0.950609    238.561    26.6257 0.0244   5   6
  263.6   401.3   0    0.937335        249    19.9035 0.2500  13   8
  117.2   327.5   0    0.941948    246.561    22.2124 0.0000   3  12
  259.3   303.9   0    0.823796    245.154    21.3951 0.0000   8   4
  282.5   283.4   0    0.937285    247.895    19.0652 0.1842   8   2
  309.6   360.7   0    0.933549     244.15    20.7114 0.0000  13   4
  154.3   416.4   0    0.958671    247.525    19.7034 0.3500   9  14
  262.3   260.6   0     0.96444    247.125    20.3502 0.2000   6   2
  275.1   391.3   0    0.884445    224.897    42.3988 0.0769  13   7
  154.5   254.3   0     0.92458    231.049    28.5607 0.0000   1   7
  214.8   322.6   0     0.92641    249.275     19.319 0.0250   7   7
  153.0   437.9   0    0.810356    224.919    37.6834 0.0811  10  15
  260.8   444.4   0    0.810271    247.725    20.5027 0.2000  15  10
  108.6   294.7   0    0.945811    247.564    19.8224 0.2564   1  11
  279.6   326.5   0    0.940655    249.513    20.0441 0.3590  10   4
  235.1   345.9   0    0.802128    224.649    31.8153 0.0000   9   7
  313.6   458.2   0    0.738757    236.175    21.1035 0.0750  18   8
  128.6   317.4   0    0.796526    248.897    19.7945 0.3333   3  11
  269.6   315.1   0    0.948237    231.725    30.8974 0.0000   9   4
  220.2   398.8   0    0.782176    242.027    19.8771 0.1622  11  10
  276.6   369.6   0     0.78206    248.316    19.8183 0.1053  12   6
  144.5   242.9   0    0.725944    246.795     20.634 0.0000   0   7
  240.6   421.8   0    0.920573     237.45    29.2976 0.0000  13  10
  223.4   355.9   0    0.769241     238.15    27.8694 0.0250   9   8
  190.2   364.5   0    0.938894    248.293    22.2878 0.1951   8  10
  191.8   342.9   0    0.923206    237.132    21.4279 0.1053   7   9
  324.0   307.5   0    0.764561    246.923    20.2413 0.0513  11   1
  221.8   377.2   0    0.868806    237.051    20.8232 0.0256  10   9
  322.5   329.1   0    0.746303    240.513     31.837 0.0769  12   2
  321.0   350.6   0    0.742896     243.95    25.3991 0.0250  13   3
  253.4   389.8   0     0.92629      246.7    20.5964 0.0000  12   8
  242.2   237.7   0    0.739135    242.128    23.9837 0.0513   4   2
  280.8   467.1   0     0.83133        245    22.6449 0.0526  17  10
  101.1   402.5   0     0.72973    245.128    22.9505 0.1282   6  16
  220.8   236.2   0     0.72214    246.649    20.1871 0.3243   3   3
  328.1   405.2   0    0.715711    246.649    19.9355 0.0811  16   5
  243.5   378.4   0    0.892657    249.846    19.8367 0.3590  11   8
  326.9   426.8   0    0.703934    242.816    22.4238 0.2368  17   6
  213.4   344.3   0    0.938552      249.5    20.4572 0.0500   8   8
   96.9   304.8   0    0.676887    236.263    23.2207 0.0789   1  12
   94.1   347.9   0    0.670894    234.947    22.6822 0.0789   3  14
  199.1   235.0   0    0.668668    241.789    20.0684 0.0789   2   4
  333.9   318.9   0    0.658885    235.514    19.8424 0.0541  12   1
  263.7   238.9   0    0.647726    246.184    21.2504 0.0526   5   1
   99.9   424.1   0    0.690947    244.757    19.6214 0.0270   7  17
  177.5   233.9   0    0.637731    234.225    23.1611 0.0500   1   5
  331.1   361.9   0    0.634813    230.079     25.534 0.0000  14   3
   95.6   326.1   0    0.617616    235.375    24.8863 0.0250   2  13
  325.3   286.2   0    0.701787        237    27.8429 0.0513  10   0
  329.8   383.7   0    0.584577      239.7    23.3159 0.0000  15   4
  204.5   473.7   0    0.514387    233.683    23.5489 0.1220  14  14
  299.5   349.3   0    0.930284    244.268    19.2912 0.0000  12   4
  181.8   331.6   0    0.924024    233.875    22.0286 0.0000   6   9
   98.8   283.4   0    0.700996     231.55    22.7239 0.0000   0  11
  226.2   474.5   0     0.69274    231.512    22.2077 0.0000  15  13
  140.1   469.3   0    0.663749    233.872    20.2853 0.0769  11  17
